%YAML:1.0
---
cameraMatrix: !!opencv-matrix
   rows: 3
   cols: 3
   dt: d
   data: [ 2.2685320878714051e+03, 0., 1.0078893678291371e+03, 0.,
       2.2646746168423529e+03, 7.3368626722323017e+02, 0., 0., 1. ]
distCoeffs: !!opencv-matrix
   rows: 14
   cols: 1
   dt: d
   data: [ 6.8707002937607620e-02, 0., 0., 0., 5.3221874575491590e+01,
       0., 0., 0., -1.3680312451310270e-02, 4.7276960702425785e-01,
       1.0389283174087360e-03, -3.6095680075979841e-01, 0., 0. ]
rotationVector: !!opencv-matrix
   rows: 3
   cols: 1
   dt: d
   data: [ -2.6229502577756667e-02, 4.6759740447364723e-02,
       -8.2132615848068251e-04 ]
translationVector: !!opencv-matrix
   rows: 3
   cols: 1
   dt: d
   data: [ -6.7013140124252772e+01, 2.6755198307502653e+01,
       4.1793960016368243e+02 ]
